   1.762124E+00
  -8.077586E-02
   3.184193E-01
   3.677894E-01
  -1.074800E+00
  -1.163373E+00
   2.469264E-01
  -5.067720E-01
   6.113287E-01
   1.004343E+00
   6.421586E-01
  -1.092407E+00
   1.860581E-01
  -3.194378E-01
   4.699610E-02
  -1.978960E-01
   7.026062E-01
   5.253258E-02
   1.680078E-01
   1.861103E+00
  -8.311432E-01
   3.903750E-01
  -1.061083E+00
  -8.188114E-01
  -2.188377E+00
  -1.423242E-01
  -1.378595E+00
   9.557907E-01
  -1.913825E+00
   1.828548E+00
  -1.623850E+00
   3.723133E-01
  -4.408945E-01
   1.472244E+00
  -6.025836E-01
   3.597321E-01
  -5.170875E-01
   1.762358E+00
   2.562386E+00
   3.979496E-01
   4.506162E-01
  -6.479668E-01
  -2.660488E-01
  -9.818381E-01
   7.590525E-01
   9.555781E-02
   8.003637E-01
   1.069355E+00
   6.195183E-01
   7.561306E-01
  -1.356528E+00
   2.298926E+00
  -7.603061E-01
  -7.045629E-01
   1.057422E+00
  -7.307777E-01
  -1.850390E-01
   4.544032E-02
   1.424845E+00
   3.598414E-01
  -1.659117E-01
  -1.604286E-01
   2.270981E-01
  -1.409079E-01
  -5.085593E-01
  -1.481653E+00
  -2.394762E+00
  -8.261290E-01
  -6.456914E-01
  -5.517238E-01
   2.147944E-01
  -3.888663E-01
  -1.697721E+00
  -8.570972E-01
  -3.315375E-01
  -2.053364E-02
   6.500884E-02
  -4.888977E-01
   5.769012E-01
   6.551093E-01
   1.615370E+00
  -2.112710E+00
   8.322573E-01
   1.306921E+00
  -1.256306E+00
  -8.990754E-01
   7.268361E-01
   1.632434E+00
  -8.305037E-03
   5.068376E-01
   1.109984E+00
   1.034965E+00
   7.121127E-01
  -6.151164E-01
   1.595070E+00
  -1.655999E-01
   1.967787E-01
  -3.132138E-01
  -9.011295E-01
  -6.998664E-01
